73,42,95,35,13,40,99,92,33,30,83,1,36,93,59,90,55,25,77,44,37,62,41,47,80,23,51,61,21,20,76,8,71,34,58,5,52,22,39,57,17,2,26,0,10,72,19,3,64,65,82,46,31,63,91,24,18,12,9,79,50,98,69,4,78,54,43,68,87,7,67,48,28,89,94,53,85,81,49,88,6,96,29,56,97,66,38,16,32,70,74,27,84,86,45,75,60,15,14,11

55 12 27 80 67
42 90 63 10 98
74 50 65 18 17
79  2 96 25 93
24 82 59 56 43

 7 42 31 49 52
59 50  3 28 58
11 55 75 91 60
65 76  1 38 23
86 19 64 22 80

73 81 41 54 92
70 39 66 38 27
89 15 80 22 87
36 12 48 93 26
44 85 19 60 49

 8 28 76 19  5
86 34 50 98 29
80 91 46 90 40
33 58 21 22 49
64 41 87 92 72
